1 0.5855801939628629 0.8060856532010175 0.5810354317121521 0.8060063240808482 0.5807181152314742 0.8241853730836916 0.585262877482185 0.824264702203861 0.5851042192418461 0.8333542267052829 0.6032039391245201 0.8382163054366716 0.6031246100043506 0.8427610676873826 0.6258484212579049 0.84315771328823 0.6259277503780745 0.838612951037519 0.6350172748794962 0.8387716092778579 0.6351759331198351 0.8296820847764362 0.639720695370546 0.8297614138966057 0.6398000244907155 0.8252166516458947 0.6443447867414263 0.8252959807660641 0.6447414323422737 0.80257216951251 0.6401966700915629 0.8024928403923404 0.6403553283319018 0.7934033158909187 0.6313451329506494 0.788699895399869 0.6314244620708189 0.784155133149158 0.6042352176867232 0.7791343961774304 0.6041558885665537 0.7836791584281412 0.5950663640651319 0.7835205001878023 0.5903629435740821 0.7925306955690545 0.5858181813233713 0.792451366448885 0.5855801939628629 0.8060856532010175
1 0.10423204098835807 0.7749529552094995 0.0996872787376472 0.77487362608933 0.09952862049730825 0.7839631505907517 0.09498385824659737 0.7838838214705823 0.09450788352558057 0.8111523949748476 0.10351807890683284 0.8158558154658972 0.10343874978666337 0.8204005777166081 0.10798351203737425 0.8204799068367776 0.10790418291720479 0.8250246690874885 0.11699370741862654 0.8251833273278274 0.11691437829845705 0.8297280895785383 0.13963818955201135 0.8301247351793857 0.13971751867218082 0.8255799729286748 0.14880704317360258 0.8257386311690137 0.1535104636646524 0.8167284357877612 0.15805522591536328 0.8168077649079308 0.1582138841557022 0.8077182404065093 0.16275864640641305 0.8077975695266787 0.16323462112742987 0.7805289960224135 0.15422442574617762 0.7758255755313636 0.1543037548663471 0.7712808132806528 0.14975899261563622 0.7712014841604834 0.1498383217358057 0.7666567219097724 0.12264907735170996 0.7616359849380446 0.12256974823154047 0.7661807471887556 0.11348022373011872 0.7660220889484167 0.11340089460994925 0.7705668511991275 0.10431137010852753 0.7704081929587886 0.10423204098835807 0.7749529552094995
1 0.8140082433009483 0.7418806754488282 0.818553005551659 0.7419600045689977 0.8183943473113201 0.7510495290704193 0.8274045426925728 0.7557529495614691 0.8273252135724032 0.7602977118121801 0.8318699758231141 0.7603770409323495 0.8317906467029446 0.7649218031830604 0.8545144579564988 0.7653184487839078 0.8545937870766684 0.7607736865331969 0.8636833115780901 0.7609323447735358 0.8637626406982596 0.7563875825228249 0.8683074029489705 0.7564669116429944 0.8684660611893094 0.7473773871415726 0.8730108234400203 0.7474567162617423 0.8734074690408677 0.7247329050081878 0.8688627067901568 0.7246535758880184 0.8690213650304957 0.7155640513865966 0.8644766027797848 0.7154847222664271 0.8645559318999542 0.7109399600157162 0.8554664073985325 0.7107813017753773 0.855545736518702 0.7062365395246664 0.8328219252651478 0.705839893923819 0.8327425961449781 0.71038465617453 0.8236530716435565 0.7102259979341911 0.8189496511525064 0.7192361933154433 0.8144048889017957 0.7191568641952738 0.8140082433009483 0.7418806754488282
1 0.7557989543635713 0.6908570121288056 0.7830675278678365 0.6913329868498224 0.7877709483588863 0.68232279146857 0.7923157106095972 0.6824021205887394 0.7927916853306141 0.6551335470844742 0.7882469230799031 0.6550542179643049 0.7883262522000726 0.650509455713594 0.7565129164450964 0.6499541518724077 0.7518094959540467 0.6589643472536599 0.7472647337033358 0.6588850181334905 0.7468680881024884 0.6816088293870448 0.7558782834837408 0.6863122498780946 0.7557989543635713 0.6908570121288056
1 0.8840835759456788 0.6339963182343092 0.8886283381963895 0.6340756473544789 0.88854900907622 0.6386204096051896 0.9158175825804854 0.6390963843262065 0.9158969117006549 0.6345516220754955 0.9204416739513658 0.6346309511956651 0.9206003321917047 0.6255414266942434 0.9251450944424155 0.6256207558144128 0.9255417400432628 0.6028969445608585 0.9119074532911304 0.6026589572003501 0.9119867824112999 0.5981141949496391 0.902897257909878 0.5979555367093002 0.9028179287897083 0.6025002989600112 0.8937284042882867 0.6023416407196722 0.8890249837972369 0.6113518361009245 0.8844802215465262 0.611272506980755 0.8840835759456788 0.6339963182343092
1 0.9521756805861722 0.6397310172875622 0.9611858759674247 0.6444344377786121 0.9611065468472552 0.6489792000293229 0.9838303581008093 0.6493758456301703 0.9885337785918592 0.640365650248918 0.9930785408425701 0.6404449793690874 0.9933958573232481 0.622265930366244 0.9888510950725372 0.6221866012460746 0.9890097533128761 0.6130970767446529 0.9799995579316236 0.608393656253603 0.9800788870517932 0.6038488940028921 0.9618998380489499 0.6035315775222142 0.9571964175579002 0.6125417729034666 0.9526516553071891 0.6124624437832971 0.9524929970668502 0.6215519682847188 0.9479482348161394 0.6214726391645493 0.9521756805861722 0.6397310172875622
1 0.6859026597612943 0.7214305306589689 0.6953675252087536 0.7165461817647414 0.7034402007974225 0.7087520586501003 0.7043880489637672 0.6957840124750503 0.6981140085606408 0.6813644257689468 0.6626162782506799 0.6914480614979548 0.6638071449012616 0.7058961758070152 0.6672247606549238 0.7167763361591171 0.673640826554104 0.7212164995641984 0.6859026597612943 0.7214305306589689
1 0.6518133470850316 0.7316560051400682 0.6591898485012466 0.7224069935320274 0.6600999332325994 0.7116024130987084 0.6588965584743866 0.6978754290109127 0.6408013868237585 0.7011663986219954 0.6184293203272344 0.7072504060359727 0.6137361207553973 0.7223349839399166 0.6149773381916608 0.7338985036691742 0.6228862948295347 0.7354792917488209 0.6373120974895512 0.7357310950708931 0.6518133470850316 0.7316560051400682
1 0.5432677289203601 0.7499596088937561 0.5489750326049357 0.7536660522572671 0.5605282627750996 0.7531463264630955 0.571460844259872 0.7468448599195776 0.5824312677312344 0.7383799686312787 0.5847461303635282 0.7297639939665441 0.5857287454616483 0.7203180562154662 0.5771015150047548 0.7130391041498114 0.5567670062088956 0.7206191961696818 0.5343693080831724 0.7223923677995951 0.5313330958855836 0.730995751260832 0.5432677289203601 0.7499596088937561
1 0.5064480028724608 0.7925988615221848 0.5107002571134721 0.7970012950801074 0.528011141062433 0.7973034576834014 0.5425250572516626 0.7925072402976973 0.5484841141731874 0.7817907503759514 0.5459350183280495 0.7676827218358142 0.5424834412186929 0.7535527411081328 0.528867101653185 0.7482655082817826 0.527172807771763 0.7626632619264285 0.5160639199855054 0.7790607685023062 0.5064480028724608 0.7925988615221848
1 0.6921475378599795 0.6530097587728404 0.6944247169918008 0.6465572116192718 0.6945505932645453 0.6393457647835221 0.6931960869062276 0.6342725630519424 0.6490087526809434 0.6443217362854302 0.6523634302982331 0.6588076200554067 0.6659168317273694 0.6677005762996322 0.6788748391070135 0.6693694958878019 0.6869096720176316 0.663738837131699 0.6921475378599795 0.6530097587728404
1 0.634239309208385 0.622422963022046 0.6427311510966586 0.6319489575927699 0.6593081773726931 0.6329596592138305 0.6716330279593143 0.6295679682739188 0.6775039710058958 0.6238995188668279 0.6841466144034539 0.6153590660834324 0.680041714757739 0.6005172268127709 0.6701992220675546 0.5877036948639409 0.6557734194075382 0.5874518915418687 0.6376153885178665 0.5943486057608975 0.6315681388240697 0.6101131150072269 0.634239309208385 0.622422963022046
1 0.6183420168104061 0.5824703336080407 0.6218855095282733 0.5861390075106353 0.6356654884557874 0.5820513475663839 0.6464848602615645 0.5822402004037363 0.6466988504092525 0.5699807130533316 0.645356931747355 0.5641863626768011 0.6379730577212784 0.55497089577988 0.62540005280692 0.5501320547687867 0.6074055823819257 0.5476538550271424 0.6072419426741894 0.5570287676046228 0.6121399417503747 0.5657706432387974 0.6183420168104061 0.5824703336080407
1 0.5828100845923427 0.592670607258458 0.6037273993955428 0.5930357203464717 0.6167735203044001 0.5896566192268655 0.6177088603631133 0.5774097032730803 0.6128360366797694 0.5672255303490044 0.6048838839290048 0.5530944229755851 0.5812504020821081 0.5580178004911083 0.5703052329009155 0.565040415679577 0.5685983513230732 0.5801593179691736 0.5741797783891738 0.5910772279753134 0.5828100845923427 0.592670607258458
1 0.5828818367244862 0.5472257914544086 0.5973453232307052 0.545314147458436 0.6118214763306733 0.5426813760075841 0.6052238658725883 0.5336168704725385 0.5933826642132336 0.5243253558704764 0.5774765578194835 0.5262118188426453 0.5686448488193169 0.5361567980718331 0.5677473514386543 0.5462402496670803 0.5828818367244862 0.5472257914544086
1 0.5322909450533836 0.5521136512546719 0.5402377440235777 0.5515309947826591 0.5431732549955326 0.5486967806741494 0.541894274815738 0.5392966870728653 0.5340608440106569 0.5333890269303931 0.5279742403419564 0.5316190236795559 0.516053785889242 0.5316319758336995 0.5123340661129486 0.5380593433466574 0.5122081894944739 0.5452708099892858 0.5192951745844778 0.552608177601354 0.5322909450533836 0.5521136512546719
1 0.5587614956544984 0.548290089157987 0.5663526784515197 0.5474126919060177 0.5684955945366905 0.540380700547171 0.5721797231593114 0.5318607514578543 0.5778305406012384 0.5264048643093705 0.5804167771397966 0.5229153161214659 0.5627452104838825 0.5226068577781036 0.5490335663273347 0.5269121269632959 0.5407877009593552 0.5363623663511498 0.5431447866789527 0.545997680938668 0.5501605341643352 0.5491498745263437 0.5587614956544984 0.548290089157987
1 0.5036391251515624 0.5523774892808848 0.5167753892246011 0.5521018257683875 0.5213195031949709 0.5521811435727815 0.5118761236619063 0.5434320529762615 0.5092899735431785 0.5387744128389464 0.4993152951425178 0.5396781117842986 0.4871271855203017 0.5435050165089017 0.483947946123246 0.5520337784724323 0.4934970063520792 0.5547252472127616 0.5036391251515624 0.5523774892808848
1 0.5429677285091091 0.6429462072498026 0.5595765931607966 0.6462658493204803 0.570223600943834 0.6439269181276324 0.577362707370115 0.6400118827244213 0.5876017511900249 0.632111294091239 0.5838004331815341 0.6184111213659357 0.5803718338282048 0.6122918084220135 0.5753625180511575 0.6081199175781178 0.5664020185699002 0.6024537928864034 0.5471364819918524 0.6066621185187742 0.5383240479278582 0.6196371595278574 0.5371203642077444 0.6307251803489906 0.5429677285091091 0.6429462072498026
1 0.5681212138315607 0.7065048006535151 0.5777319537728542 0.7056626410335859 0.5843926051360531 0.7002243806017647 0.5891217575177707 0.6897028549198285 0.5858077059598567 0.67702110317167 0.5814133853348796 0.6683601303571777 0.5661348016136408 0.6679679868711961 0.554113455962683 0.6699034397366754 0.5463284783529382 0.6818865132243055 0.5460993832461298 0.6950113631031479 0.5530093943235914 0.7042211914435947 0.5681212138315607 0.7065048006535151
1 0.6143732308579238 0.6396317031412792 0.5912135403191214 0.6402794158762213 0.580547927202684 0.6485092111535466 0.5954898520947196 0.6682963502204273 0.6137123788126074 0.6774918914610658 0.6263715546918875 0.6756088671362832 0.6330316847211697 0.6557372339461236 0.6290077285097506 0.645147098008384 0.6143732308579238 0.6396317031412792
1 0.5986867660984221 0.6340978883323434 0.6113093434259363 0.6343182162391565 0.6230451656487248 0.6250551348942551 0.6253509124355494 0.6135235176963117 0.6146033652061842 0.6042262294360274 0.5982406939144476 0.5993743940646356 0.5834776973658516 0.6012206960630377 0.5800283122351759 0.617992357527499 0.5903269007771899 0.6307960086416626 0.5986867660984221 0.6340978883323434
1 0.6134920951336289 0.6901119349776403 0.6260594862306993 0.6934872573039254 0.6355998175563757 0.6894458600709299 0.6503444575518819 0.6886512042947162 0.6495312462390697 0.6749610966312782 0.6423700899293374 0.6632641762374514 0.6319430024905546 0.6578222219887948 0.6170698635982792 0.6659785746305158 0.6084162863689487 0.6795034388852887 0.6134920951336289 0.6901119349776403
1 0.5605750046205878 0.5871450150669657 0.5544657008641168 0.5754664548277509 0.5471392159802614 0.5732345794967149 0.5250497345478096 0.5728490061640807 0.5185916477114004 0.581152215191979 0.5182979352991121 0.597978988022464 0.5361431768411655 0.6003944689339333 0.5519947400575825 0.5964631768757036 0.5605750046205878 0.5871450150669657
1 0.652815418358416 0.6676544822467635 0.6602886431293367 0.6614730124729482 0.6498059687226527 0.6493550486755797 0.6438257957259964 0.6401457995733539 0.6290444426243105 0.6430437477939447 0.628787444830772 0.6577671415249584 0.6413364783663723 0.6621941678434948 0.652815418358416 0.6676544822467635
1 0.6927133116555673 0.6725588846881505 0.684371803895805 0.6682053010052186 0.6749048997908679 0.6680400555793977 0.6696454058989744 0.6679482507720251 0.6590532210116566 0.6719713456204712 0.6546070539953699 0.6855696504936926 0.6671929172083242 0.6878933286149452 0.6851666586555275 0.6829470548908448 0.6915329602055371 0.6799022213990453 0.6927133116555673 0.6725588846881505
1 0.5782165884909868 0.7820715164949877 0.5941048648135834 0.7760369319923812 0.6058039739301918 0.7688771430918566 0.6143108102640774 0.7637656817119979 0.6072745145561508 0.7527951935528523 0.5840633906362827 0.7485098313942968 0.5712756002974393 0.7577545505674301 0.566939575624832 0.765042804797333 0.5646155868393311 0.7776261280046834 0.5782165884909868 0.7820715164949877
1 0.6133268821222997 0.699576982057587 0.6196748271192194 0.6975837947879759 0.60937635414 0.6847801456909683 0.6084713580449784 0.676348384678598 0.5948336422787631 0.6740063464027333 0.5893172651477451 0.6886379951135937 0.5838191310237832 0.702217880044984 0.6017194432334863 0.7014783645198254 0.6133268821222997 0.699576982057587
1 0.5656875269956376 0.5956501898299091 0.5751544311005748 0.5958154352557299 0.5711304753933458 0.5852252704329592 0.5681952019167317 0.572550117567517 0.5758887113750109 0.5537485465070644 0.546289290552889 0.5616478220477166 0.5450538679310191 0.5721461840802707 0.553377134196296 0.5775514448875784 0.5649293863504751 0.5788050857298432 0.5615350723916392 0.5924217218726453 0.5656875269956376 0.5956501898299091
1 0.5102683809419337 0.5757469832697026 0.5144208360501221 0.578975422341935 0.5184080776427914 0.5916689373791453 0.5218207486589072 0.5770006261291234 0.5290537428377637 0.5676897391835849 0.5295142581171863 0.5581990550686708 0.5201024251840891 0.5548787843211906 0.506336210521104 0.5598984429108329 0.501981943849821 0.5682384031501428 0.5102683809419337 0.5757469832697026
1 0.5379639065380614 0.6832422103571527 0.53718822303608 0.6919563031330019 0.5370794410719799 0.6981884176824154 0.5401961781931017 0.6982428205312288 0.5439361668641298 0.6983081022763123 0.5435086548459951 0.6870793886084573 0.5480568930070671 0.6765609488643379 0.5512932221655784 0.6697600039729782 0.5563125538511049 0.6679774195786556 0.5619225710984752 0.668075342793957 0.5681559083774073 0.6681841461008802 0.5738855861438229 0.66142672277136 0.5620966231971292 0.6581039047403175 0.5508548321900569 0.65915448806642 0.5395695281583214 0.6626979309059322 0.5376015955752659 0.6682742062238312 0.5379639065380614 0.6832422103571527
1 0.5899258833866587 0.635523775811439 0.5867439452101972 0.639208663428092 0.591041984973351 0.6430240803008012 0.6016713339062478 0.64133941912178 0.6135255663899366 0.6409229478827079 0.6328272108251782 0.6425066346130448 0.6373102482296902 0.6357274682173364 0.6349474383969974 0.6282053852323227 0.6263295347730405 0.621820928697091 0.6218138623012515 0.6304697568449125 0.6199112674380676 0.6323067612051039 0.6099269950490649 0.6327558727190421 0.5999427223612827 0.6332050013500361 0.5899258833866587 0.635523775811439
1 0.6074412631757642 0.5965551279405272 0.6098693425454522 0.6003379216554259 0.617316685119011 0.6023381297806505 0.6234630651290515 0.6074326361926896 0.6240319941785637 0.6105595735590181 0.6302653314574956 0.6106683768659416 0.6334907823598412 0.6044906468529343 0.6351576127647549 0.5999801275778217 0.6399743186342506 0.5902655593089178 0.6419204947049744 0.5859357137477237 0.6281744771326117 0.5875659732732833 0.6162440965569823 0.5923449657778785 0.6074412631757642 0.5965551279405272
1 0.530259773743024 0.6245078580938147 0.5332132691375606 0.6339104486884519 0.5336842938815799 0.6426463199599526 0.5348221519806039 0.6489001946926101 0.537282865521231 0.6508133780065627 0.5423021978043161 0.6490307593781289 0.542432736280748 0.6415522150720108 0.5382542888537631 0.6308814333420728 0.5383957058851402 0.6227796570405465 0.5397294401804676 0.6178157165093782 0.5441580181212738 0.6141526061930245 0.5429835047352125 0.6073512658869058 0.5355618710096487 0.6065217199010877 0.5268243068666465 0.6069926099106772 0.52054745686183 0.6093766490001082 0.5235662214945827 0.6150399674416864 0.530259773743024 0.6245078580938147
1 0.5867580846891465 0.6741194740051182 0.5897659713645125 0.6804059902079931 0.5960210651557765 0.6792683637582113 0.6016528389154784 0.6781198572168078 0.6054472870502124 0.6750690828825364 0.5993226632537245 0.6687281638308481 0.5930893259747922 0.6686193605239249 0.5906721254588286 0.6642133176965624 0.5858664472957306 0.6586125342742141 0.5783577458897277 0.6552707370198928 0.5733057791369244 0.6589229831663284 0.5725845550986488 0.6645210198628226 0.5806008955021549 0.6696481494326721 0.5867580846891465 0.6741194740051182
1 0.5287563434584213 0.5677519537724575 0.5305610343148915 0.5715238662003824 0.5367726835631479 0.5728791004593623 0.5436402191298081 0.5723755689795551 0.5461553242500439 0.5711726607846898 0.5468983048006513 0.5643281943314904 0.5460505041299137 0.5602595729759138 0.5426872910868247 0.5555270584319617 0.537109908607952 0.5535594905816029 0.5289739079841802 0.5552876904395194 0.5282743719765806 0.5596392961839574 0.5287563434584213 0.5677519537724575