1 0.06326412676286956 0.9462440494255204 0.06584507647318198 0.9708001456074531 0.08290659705049061 0.9876274312303261 0.10338196474174158 0.9823719627514169 0.11371347857539287 0.9533552913473633 0.10481511332703689 0.9232563410625385 0.08618548542669513 0.9096972907766041 0.06792346248605523 0.9178235479640579 0.06326412676286956 0.9462440494255204
1 0.2312688265645356 0.8168629017581027 0.23574050231166996 0.8412202746258384 0.2587968197132332 0.8605209023288618 0.28489937926903713 0.8360534684567147 0.27913722866674656 0.7994180474980128 0.25797163730200506 0.7799186964807924 0.23938699564757604 0.7849754416455046 0.2312688265645356 0.8168629017581027
1 0.31368057601937976 0.7461326655360093 0.32760588195062307 0.7694964218327596 0.35061721310627386 0.7701812540851364 0.3644075602997796 0.737697624029947 0.3573999210882456 0.7073999504309253 0.34033840051093667 0.6905726648080523 0.312022496204522 0.7121693099716547 0.31368057601937976 0.7461326655360093
1 0.2867374040675449 0.9444800058236555 0.2921769359560463 0.9780459147596158 0.31680136068064235 0.9940783071257006 0.3316045502614278 0.9894190085893826 0.3400453380582572 0.9606010604995259 0.333037698846723 0.9303033869005043 0.31219472619577054 0.9138735479060255 0.29236459593209785 0.9252680404304178 0.2867374040675449 0.9444800058236555
1 0.43280403133155554 0.6063720406098101 0.4366754558970241 0.6432061848827091 0.4540595951881219 0.6631029825283237 0.4748575815931619 0.6609170260721561 0.4855117141406022 0.634969866690844 0.47753621878770075 0.5954636570235976 0.46111993563797016 0.5847753954462077 0.44064456794671913 0.5900308639251169 0.43280403133155554 0.6063720406098101
1 0.0983177528053432 0.8432503051570602 0.1037572846938446 0.8768162140930207 0.12303215002176429 0.8965142884244383 0.1416167916761934 0.891457543259726 0.1516256867960555 0.8593713598329309 0.1424047028339105 0.8262028975253646 0.12598841968417973 0.8155146359479748 0.10551305199292897 0.8207701044268839 0.0983177528053432 0.8432503051570602
1 0.8849510603235384 0.01575086511102377 0.8929265556764399 0.05525707477827022 0.917228361687247 0.06821995512161347 0.9317089325542431 0.06049114456255382 0.9385816130280398 0.034941431809635846 0.9331420811395384 0.0013755228736755498 0.9310293921105801 0 0.8925083639991769 0 0.8849510603235384 0.01575086511102377
1 0.5496460106700034 0.826847999919773 0.5506588530572829 0.8546723314386444 0.5705789558127807 0.8805094298155449 0.589486216180999 0.8785221966735743 0.6007855861560173 0.8587140613377453 0.5969141615905487 0.8218799170648465 0.5792074035856616 0.7989136073964903 0.5603001432174436 0.8009008405384609 0.5496460106700034 0.826847999919773
1 0.5653875001310463 0.5582993297374644 0.5682910685551479 0.5859249379421387 0.5882111713106456 0.6117620363190394 0.6071184316788638 0.6097748031770687 0.6196632902631258 0.5836289204815596 0.6164371031252351 0.5529338002541437 0.5968396190835266 0.5301662138999846 0.5763642513922755 0.5354216823788939 0.5653875001310463 0.5582993297374644
1 0.49560286675988774 0.7673563302971262 0.4988290538977783 0.7980514505245422 0.5222079900131307 0.8204215902503071 0.5442514650274143 0.811897886434459 0.5492334194643892 0.7865468969957382 0.541903161539066 0.7531797113739749 0.5248416409617571 0.7363524257511018 0.5027981659474735 0.7448761295669499 0.49560286675988774 0.7673563302971262
1 0.5889618112148517 0.400650539002247 0.6003961399276077 0.4366897900183577 0.6149216970405165 0.4475767749099446 0.630047505335091 0.44598698839636813 0.6425923639193531 0.419841105700859 0.6387209393538844 0.38300696142796004 0.6213368000627866 0.3631101637823454 0.597402599011681 0.37183259091239024 0.5889618112148517 0.400650539002247
1 0.7254167045798112 0.3894119724028002 0.7302109990407344 0.41683885729327735 0.7494858643686542 0.436536931624695 0.7699612320599051 0.4312814631457857 0.7806153646073455 0.4053343037644736 0.7726398692544441 0.3658280940972271 0.7483380632436372 0.3528652137538839 0.732289385053608 0.3638622596498823 0.7254167045798112 0.3894119724028002
1 0.8738239203397689 0.23726323838122337 0.8748367627270482 0.26508756990009463 0.8991835549837678 0.29666624569408445 0.918090815351986 0.2946790125521138 0.9271768405763936 0.2720000885077404 0.9251961420477468 0.23496722092064437 0.9097027287934708 0.2148716999608326 0.8889047423884309 0.21705765641700028 0.8738239203397689 0.23726323838122337
1 0.7904288847587544 0.5532670507986609 0.7920869645736123 0.5872304063630154 0.8101163412922883 0.6132662280541131 0.8293462203742955 0.6143485069348841 0.8425363163861356 0.5943416482848581 0.8405556178574887 0.557308780697762 0.8225262411388128 0.5312729590066643 0.8017282547337728 0.533458915462832 0.7904288847587544 0.5532670507986609
1 0.8733431979110376 0.5600695084018952 0.8825641818731826 0.5932379707094614 0.8974123576998807 0.6071944676237899 0.914428892031277 0.6054059577960164 0.9285418579385718 0.5759918397635685 0.9227797073362816 0.5393564188048666 0.9038274607221508 0.5227278564961907 0.8833520930308998 0.5279833249750998 0.8733431979110376 0.5600695084018952
1 0.8667777061662271 0.8431708454411234 0.8700038933041178 0.8738659656685392 0.8896013773458264 0.8966335520226985 0.9103993637508664 0.8944475955665308 0.9226216036213396 0.8652322008482802 0.9146461082684381 0.8257259911810335 0.8979072064049183 0.811968217580902 0.8793225647504892 0.8170249627456144 0.8667777061662271 0.8431708454411234
1 0.6706383507502927 0.2865496878333772 0.6745097753157613 0.3233838321062762 0.6862217364963937 0.3438767996944819 0.7092330676520445 0.3445616319468588 0.7217779262363068 0.31841574925134963 0.7188743578122052 0.2907901410466754 0.7008449810935292 0.2647543193555776 0.683828446762133 0.2665428291833511 0.6706383507502927 0.2865496878333772
1 0.6227699486480818 0.30399454209346705 0.6253508983583942 0.3285506382753997 0.6433802750770702 0.3545864599664974 0.6641782614821101 0.35240050351032975 0.6754776314571285 0.33259236817450094 0.6709609694640817 0.2896191998561187 0.6557901749235947 0.2725931909190486 0.6368829145553766 0.27458042406101923 0.6227699486480818 0.30399454209346705
1 0.3841554330640289 0.5618304844724771 0.38927234623874124 0.592326881385696 0.40066168870558466 0.6097503369511601 0.4217822938244137 0.6106338925177341 0.43497238983625375 0.5906270338677081 0.4307783465569961 0.5507233775720675 0.4133942072658983 0.5308265799264529 0.39135073225161454 0.5393502837423008 0.3841554330640289 0.5618304844724771
1 0.342649432745774 0.6034339882861055 0.3493344532435192 0.6306621498623857 0.36450524778400617 0.6476881587994557 0.3884394488351116 0.6389657316694108 0.396880236631941 0.6101477835795542 0.3857685266329742 0.577178044586185 0.36935224348324336 0.5664897830087953 0.35109022054260336 0.574616040196249 0.342649432745774 0.6034339882861055
1 0.17842618501775154 0.7324176893251292 0.18607906165686366 0.768854386969634 0.2028179635203835 0.7826121605697656 0.22264809378405626 0.7712176680453731 0.22763004822103103 0.7458666786066521 0.22315837247389686 0.7215093057389166 0.20199278110915525 0.702009954721696 0.1890803175651917 0.706470529943817 0.17842618501775154 0.7324176893251292
1 0.1321258902385733 0.7465943082482804 0.13535207737646385 0.7772894284756962 0.15084549063073988 0.797384949435508 0.1732115843588125 0.7919307576424016 0.1807295022601873 0.7725200689349668 0.17750331512229675 0.741824948707551 0.16200990186802075 0.7217294277477393 0.14310264149980256 0.7237166608897099 0.1321258902385733 0.7465943082482804