1 0.04795648172520063 0.9307303474398181 0.04967886379295681 0.9553615585573445 0.06614272715380907 0.9727740319336015 0.08678903500913823 0.968236344971315 0.09812692239169353 0.9395979143724459 0.09028441600323511 0.9092067510862456 0.07213934079959758 0.8950057959699154 0.05360484030399244 0.9024897674516567 0.04795648172520063 0.9307303474398181
1 0.2203741745394674 0.8072912947385307 0.2239930662084781 0.831789888985821 0.24636175613156333 0.8518834131410611 0.273302315841093 0.8283418503596855 0.2688222331382043 0.791527650553632 0.2483500528163734 0.7713015095281559 0.22960025456229874 0.7757065796202065 0.2203741745394674 0.8072912947385307
1 0.30520417062903465 0.7394802740436232 0.3183056103043174 0.7633157839397339 0.34127902327783993 0.7648032828865929 0.35619463210443447 0.7328207171575609 0.35024863531723044 0.7022969370011248 0.3337847719563779 0.6848844636248678 0.3047324048871244 0.7054797418867883 0.30520417062903465 0.7394802740436232
1 0.27135518938125414 0.9367664833500442 0.27561997432567337 0.9705017817664071 0.29966987609154344 0.9873837876617202 0.31462665514310934 0.9832439513101416 0.3240680329244101 0.9547381375815082 0.318122036137206 0.9242143574250722 0.2978651535738447 0.9070671177892871 0.2776494412354547 0.9177626075309553 0.27135518938125414 0.9367664833500442
1 0.42913263461959367 0.6039621361497812 0.4317162077212279 0.640908952826071 0.44839536884054987 0.6614003275920188 0.46925697445434844 0.6599415420194231 0.4808101595953732 0.6343820128102446 0.4742182695327605 0.594621528484736 0.4581850016888471 0.5833668578878607 0.43753869383351807 0.5879045448501473 0.42913263461959367 0.6039621361497812
1 0.08658318388428185 0.8290226980840483 0.09084796882870094 0.8627579965004113 0.10942363954927736 0.8831167543961232 0.12817343780335214 0.8787116843040726 0.13929602742743774 0.8469943523155127 0.13123822328050977 0.8135242876396216 0.11520495543659633 0.8022696170427462 0.09455864758126734 0.806807304005033 0.08658318388428185 0.8290226980840483
1 0.9016166096248657 0.02948045486040991 0.9082084996874784 0.06924093918591864 0.9320431036948792 0.08304404369154099 0.9467845849879751 0.07582530595027151 0.9545447509264913 0.050531010481565095 0.950279965982072 0.01679571206520212 0.9302383811771803 0.0027273738191078145 0.91338509252436 0.006999827040922479 0.9016166096248657 0.02948045486040991
1 0.5382089369662743 0.8283815137350293 0.5382501071912456 0.8562242431124826 0.557256373428761 0.8827408037875761 0.5762214694413051 0.8814146350852162 0.5882052500992689 0.8620129086554197 0.5856216769976347 0.82506609197913 0.5687272181198433 0.8014958158234913 0.549762122107299 0.8028219845258511 0.5382089369662743 0.8283815137350293
1 0.563313050566747 0.5605458062061918 0.5652507303929727 0.5882559187134091 0.5842569966304881 0.6147724793885025 0.6032220926430323 0.6134463106861427 0.6166717873853115 0.5877541646067284 0.6145188098006162 0.5569651507098203 0.5957278413215703 0.5335274914244176 0.5750815334662412 0.5380651783867041 0.563313050566747 0.5605458062061918
1 0.48627494400705384 0.7670400063074216 0.488427921591749 0.7978290202043299 0.5110119092733039 0.8210014457492607 0.5333394289714177 0.8132522405270471 0.5392030853086792 0.7880905619285767 0.5330417907630058 0.7544878803824497 0.5165779274021532 0.7370754070061928 0.4942504077040392 0.7448246122284061 0.48627494400705384 0.7670400063074216
1 0.5923748642696136 0.4038157824466954 0.6025444757762657 0.4402321316420412 0.6166812340189246 0.4516194191091527 0.6318533108289599 0.45055848414726485 0.6453030055712391 0.42486633806785046 0.6427194324696048 0.3879195213915607 0.6260402713502828 0.36742814662561285 0.6018162420509144 0.37530996871806216 0.5923748642696136 0.4038157824466954
1 0.7291388533184013 0.39734626917939564 0.7329730427458813 0.42492376481637706 0.7515487134664579 0.4452825227120889 0.7721950213217869 0.4407448357498024 0.7837482064628116 0.41518530654062386 0.777156316400199 0.3754248222151153 0.7533217123927984 0.361621717709493 0.7368990192569174 0.3720519737106893 0.7291388533184013 0.39734626917939564
1 0.8827655776536224 0.2504695571927055 0.8828067478785936 0.2783122865701589 0.9060366288355569 0.310721416284162 0.9250017248481012 0.3093952475818022 0.934873698146341 0.2870472366325506 0.9341866346459611 0.24996780308602493 0.9194039831278935 0.22934381144984103 0.8985423775140949 0.23080259702243686 0.8827655776536224 0.2504695571927055
1 0.7883929700655855 0.563370423856491 0.7888647358074958 0.597370956013326 0.8059744924437569 0.6240201335586555 0.8251548862147707 0.6257728662459865 0.8390351764739888 0.6062385229459537 0.838348112973609 0.569159089399428 0.8212383563373479 0.5425099118540986 0.8003767507235493 0.5439686974266943 0.7883929700655855 0.563370423856491
1 0.871019371711873 0.573062405384798 0.879077175858801 0.606532470060689 0.8934292318599297 0.6209986589174912 0.9104978182712195 0.6198051070853674 0.9256287248562834 0.5909014427460262 0.9211486421533948 0.5540872429399725 0.9027882691912879 0.5368073864339513 0.8821419613359589 0.5413450733962379 0.871019371711873 0.573062405384798
1 0.8545777853087658 0.8557621523811457 0.8567307628934611 0.8865511662780541 0.8755217313725069 0.9099888255634566 0.8963833369863055 0.9085300399908608 0.9096177339701151 0.8797589925217558 0.9030258439075025 0.839998508196247 0.8867772783051195 0.8256649362096807 0.868027480051045 0.8300700063017314 0.8545777853087658 0.8557621523811457
1 0.6779837109431164 0.29263490855564467 0.6805672840447506 0.32958172523193446 0.6915569163603095 0.35047095060859024 0.714530329333832 0.3519584495554493 0.7279800240761112 0.3262663034760349 0.7260423442498853 0.2985561909688176 0.7089325876136244 0.2719070134234881 0.6918640012023347 0.27310056525561194 0.6779837109431164 0.29263490855564467
1 0.6295356523443796 0.3083985527405434 0.6312580344121358 0.3330297638580699 0.6483677910483968 0.3596789414033994 0.6692293966621954 0.3582201558308036 0.6812131773201593 0.3388184294010069 0.6781990087015859 0.2957138099453355 0.6636316549419877 0.27816871969884244 0.6446665589294436 0.27949488840120223 0.6295356523443796 0.3083985527405434
1 0.38206814965522956 0.5577499019301557 0.3861176368411793 0.5884062989568279 0.3968919713982685 0.606216622943793 0.41796887477053657 0.6078367387608878 0.43184916502975473 0.5883023954608552 0.429050294169651 0.5482766773948745 0.41237113305032896 0.5277853026289268 0.390043613352215 0.5355345078511401 0.38206814965522956 0.5577499019301557
1 0.33913549232675777 0.5978795234921089 0.34486619135549235 0.6253244022588544 0.3594335451150904 0.6428694925053474 0.38365757441445886 0.634987670412898 0.39309895219575963 0.6064818566842649 0.38314463844757723 0.5731444088786098 0.3671113706036638 0.5618897382817345 0.34857687010805855 0.5693737097634758 0.33913549232675777 0.5978795234921089
1 0.1705108187149998 0.7210533424529244 0.1768874110191428 0.7577349253887423 0.19313597662152576 0.7720684973753086 0.2133516889599158 0.7613730076336402 0.2192153452971773 0.73621132903517 0.21559645362816676 0.7117127347878793 0.1951242733063358 0.6914865937624034 0.18206400385602445 0.6954938132437462 0.1705108187149998 0.7210533424529244
1 0.12374397195904781 0.7336054683778965 0.12589694954374303 0.7643944822748046 0.1406796010618106 0.7850184739109884 0.16322241851839403 0.7803481700784658 0.17141317997384903 0.761211677389141 0.1692602023891538 0.730422663492233 0.1544775508710863 0.709798671856049 0.13551245485854205 0.7111248405584087 0.12374397195904781 0.7336054683778965