1 0.6 0.7818181818181819 0.5954545454545455 0.7909090909090909 0.5909090909090909 0.7909090909090909 0.5909090909090909 0.8045454545454545 0.5863636363636364 0.8045454545454545 0.5863636363636364 0.8227272727272726 0.5909090909090909 0.8227272727272726 0.5909090909090909 0.8318181818181818 0.6090909090909091 0.8363636363636363 0.6090909090909091 0.840909090909091 0.6318181818181818 0.840909090909091 0.6318181818181818 0.8363636363636363 0.6409090909090909 0.8363636363636363 0.6409090909090909 0.8272727272727274 0.6454545454545455 0.8272727272727274 0.6454545454545455 0.8227272727272726 0.65 0.8227272727272726 0.65 0.8 0.6454545454545455 0.8 0.6454545454545455 0.7909090909090909 0.6363636363636365 0.7863636363636364 0.6363636363636365 0.7818181818181819 0.6090909090909091 0.7772727272727273 0.6090909090909091 0.7818181818181819 0.6 0.7818181818181819
1 0.1181818181818182 0.7727272727272727 0.1181818181818182 0.7772727272727273 0.10909090909090909 0.7772727272727273 0.10909090909090909 0.7818181818181819 0.10454545454545454 0.7818181818181819 0.10454545454545454 0.7909090909090909 0.1 0.7909090909090909 0.1 0.8181818181818181 0.10909090909090909 0.8227272727272726 0.10909090909090909 0.8272727272727274 0.11363636363636365 0.8272727272727274 0.11363636363636365 0.8318181818181818 0.12272727272727273 0.8318181818181818 0.12272727272727273 0.8363636363636363 0.14545454545454545 0.8363636363636363 0.14545454545454545 0.8318181818181818 0.15454545454545454 0.8318181818181818 0.15909090909090912 0.8227272727272726 0.16363636363636364 0.8227272727272726 0.16363636363636364 0.8136363636363637 0.16818181818181818 0.8136363636363637 0.16818181818181818 0.7863636363636364 0.15909090909090912 0.7818181818181819 0.15909090909090912 0.7772727272727273 0.15454545454545454 0.7772727272727273 0.15454545454545454 0.7727272727272727 0.12727272727272726 0.7681818181818182 0.12727272727272726 0.7727272727272727 0.1181818181818182 0.7727272727272727
1 0.8272727272727274 0.7045454545454546 0.8227272727272726 0.7136363636363636 0.8181818181818181 0.7136363636363636 0.8181818181818181 0.7363636363636364 0.8227272727272726 0.7363636363636364 0.8227272727272726 0.7454545454545455 0.8318181818181818 0.75 0.8318181818181818 0.7545454545454546 0.8363636363636363 0.7545454545454546 0.8363636363636363 0.759090909090909 0.8590909090909091 0.759090909090909 0.8590909090909091 0.7545454545454546 0.8681818181818182 0.7545454545454546 0.8681818181818182 0.75 0.8727272727272727 0.75 0.8727272727272727 0.740909090909091 0.8772727272727273 0.740909090909091 0.8772727272727273 0.7181818181818181 0.8727272727272727 0.7181818181818181 0.8727272727272727 0.7090909090909091 0.8681818181818182 0.7090909090909091 0.8681818181818182 0.7045454545454546 0.8590909090909091 0.7045454545454546 0.8590909090909091 0.7 0.8363636363636363 0.7 0.8363636363636363 0.7045454545454546 0.8272727272727274 0.7045454545454546
1 0.75 0.6545454545454545 0.75 0.6772727272727272 0.759090909090909 0.6818181818181819 0.759090909090909 0.6863636363636364 0.7863636363636364 0.6863636363636364 0.7909090909090909 0.6772727272727272 0.7954545454545455 0.6772727272727272 0.7954545454545455 0.65 0.7909090909090909 0.65 0.7909090909090909 0.6454545454545455 0.759090909090909 0.6454545454545455 0.7545454545454546 0.6545454545454545 0.75 0.6545454545454545
1 0.8954545454545455 0.5954545454545455 0.890909090909091 0.6045454545454546 0.8863636363636364 0.6045454545454546 0.8863636363636364 0.6272727272727272 0.890909090909091 0.6272727272727272 0.890909090909091 0.6318181818181818 0.9181818181818182 0.6318181818181818 0.9181818181818182 0.6272727272727272 0.9227272727272728 0.6272727272727272 0.9227272727272728 0.6181818181818182 0.9272727272727274 0.6181818181818182 0.9272727272727274 0.5954545454545455 0.9136363636363637 0.5954545454545455 0.9136363636363637 0.5909090909090909 0.9045454545454545 0.5909090909090909 0.9045454545454545 0.5954545454545455 0.8954545454545455 0.5954545454545455
1 0.9545454545454545 0.6045454545454546 0.9545454545454545 0.6136363636363636 0.95 0.6136363636363636 0.9545454545454545 0.6318181818181818 0.9636363636363636 0.6363636363636365 0.9636363636363636 0.6409090909090909 0.9863636363636363 0.6409090909090909 0.990909090909091 0.6318181818181818 0.9954545454545455 0.6318181818181818 0.9954545454545455 0.6136363636363636 0.990909090909091 0.6136363636363636 0.990909090909091 0.6045454545454546 0.9818181818181818 0.6 0.9818181818181818 0.5954545454545455 0.9636363636363636 0.5954545454545455 0.9590909090909092 0.6045454545454546 0.9545454545454545 0.6045454545454546
1 0.6673755800237419 0.7030059879520115 0.6709825602385387 0.7138248455838132 0.6774751404761992 0.7181523569407006 0.6897388415044565 0.7181523569407006 0.6991170217649805 0.7131035672778042 0.7070524416416375 0.7051697436304554 0.707773821833571 0.6921871303202101 0.7012490805093343 0.6778792368901241 0.665932740384745 0.6885808576495399 0.6673755800237419 0.7030059879520115
1 0.6190419183372557 0.7318562485569546 0.6269772589587832 0.733298765549181 0.6414052590731005 0.733298765549181 0.655833179932288 0.7289712145725019 0.6630471403618817 0.7195948739329268 0.6637685205538153 0.7087760559209169 0.6623257601699484 0.6950721643046627 0.6442907798408342 0.6986784369753326 0.6220283012885551 0.7051519641628514 0.6175990786982593 0.7203161522389357 0.6190419183372557 0.7318562485569546
1 0.5606086961983128 0.7195948739329268 0.5382453554624681 0.7217586692311618 0.5353597554396047 0.7304137315647283 0.5476235357229919 0.7491664128438786 0.5533946565135891 0.7527726855145487 0.564937056605043 0.7520514072085398 0.5757579972494336 0.7455601005534171 0.5865790171489541 0.7369050382198509 0.5887431577247544 0.7282499758862848 0.5895607688210226 0.7187883277992151 0.5808078171032273 0.711661050285578 0.5606086961983128 0.7195948739329268
1 0.5331955356086746 0.7477238958516526 0.5317527752248077 0.7621490261541239 0.5209317553252872 0.7787379121350391 0.5115535750647634 0.7924417641315017 0.5158820147266235 0.7967693151081808 0.5331955356086746 0.7967693151081808 0.5476235357229919 0.7917205254452846 0.553394656513589 0.7809016678134829 0.5505997298599838 0.766840275851163 0.5469020762759286 0.7527726855145486 0.5331955356086746 0.7477238958516526
1 0.6688183404076089 0.6647793867074933 0.6818035008829295 0.6662219036997195 0.6897388415044566 0.6604518753506059 0.6947886613582502 0.6496330177188042 0.6969528811891802 0.6431417110636817 0.6969528811891802 0.6359291657223418 0.6955100415501837 0.6308803760594455 0.6515048195255576 0.6416991940714555 0.6551117997403545 0.6561243243739269 0.6688183404076089 0.6647793867074933
1 0.6572759403161549 0.5847199511675782 0.6392410392421704 0.591932516318814 0.6334698391964436 0.6078001636135119 0.6363554392193072 0.6200615184276439 0.6450122392878976 0.6294378590672192 0.6616043799780151 0.6301590977534365 0.6738681602614024 0.6265528250827666 0.6796392810519996 0.620782776923757 0.6861318612896596 0.6121276947802949 0.6817685610288149 0.5973597563706436 0.6717039404304723 0.5847199511675782 0.6572759403161549 0.5847199511675782
1 0.6082208984377354 0.5457721112368425 0.6082208984377354 0.5551484518764178 0.6132707182915291 0.5638035142099841 0.6197632985291894 0.580392420000795 0.6233702787439862 0.5839986926714651 0.6370768194112404 0.579671161504682 0.647897839310761 0.579671161504682 0.647897839310761 0.5674098066905499 0.6464549996717641 0.5616397585315405 0.638911418171672 0.5525545615654488 0.6262558787668497 0.5479358867251821 0.6082208984377354 0.5457721112368425
1 0.5714296368427034 0.5638035142099841 0.5699868764588365 0.5789499030085687 0.5757579972494336 0.5897687408304747 0.5844147973180241 0.5912112578227009 0.6053352984148719 0.5912112578227009 0.6183204588901926 0.5876049851520309 0.6190419183372557 0.575343610528003 0.6139920984834623 0.5652460312022105 0.6057945350547889 0.5512558602667474 0.5822505774870939 0.5565909490587483 0.5714296368427034 0.5638035142099841
1 0.5779222170803637 0.5248556742792484 0.5692654170117734 0.5349532734149368 0.5685440368198399 0.5450508527407294 0.5836934171260906 0.5457721112368425 0.5981213379852781 0.5436083357485031 0.6125493380995954 0.5407233215739463 0.6057945350547889 0.5317753407862279 0.593792977578548 0.522691898790909 0.5779222170803637 0.5248556742792484
1 0.5129964147037602 0.5378382875894936 0.5129964147037602 0.5450508527407294 0.5202103751333539 0.5522634178919652 0.5331955356086746 0.551542159395852 0.5411309554853315 0.5508209008997389 0.5440165555081949 0.547935886725182 0.5425737158691984 0.5385595460856069 0.5346383752476712 0.5327894979265974 0.5285218077820617 0.5311259901368773 0.5166033949185569 0.5313469809343709 0.5129964147037602 0.5378382875894936
1 0.5414160995915213 0.5356449846518443 0.5439409857418791 0.5452376949162951 0.5510106780585992 0.5482669667330433 0.5595953242569703 0.547257204838485 0.5671700381866346 0.5462474568108535 0.5691899027240482 0.5391791374158716 0.5727247766217036 0.5305961890459793 0.5782795150567727 0.5250425124928351 0.5808044566857214 0.5215083597288076 0.5631301981546258 0.5215083597288076 0.5494957796555389 0.5260522743873934 0.5414160995915213 0.5356449846518443
1 0.48788841334247196 0.5437230520744575 0.4848585055791698 0.55230600044435 0.4944530840462476 0.554830405180746 0.5045526841262697 0.55230600044435 0.5176821364910031 0.5518011194970708 0.5222269426573655 0.5518011194970708 0.5126323087116966 0.5432181711271783 0.5099652654474431 0.5386063749139959 0.5000078779599075 0.5396840183631509 0.48788841334247196 0.5437230520744575
1 0.5489908135211856 0.6058232283197487 0.5404061673228144 0.6189500913482269 0.5393961795755169 0.6300574305875883 0.54545593962353 0.6421745455884351 0.562120210407328 0.6452038174051833 0.5727247766217036 0.6426794265357144 0.5797944689384236 0.6386403928244078 0.589894069018446 0.6305623115348674 0.5858542289864369 0.6169305675591099 0.5823193550887816 0.6108720239256135 0.5772379927201705 0.6067881930958141 0.5681799704553414 0.6012793136611628 0.5489908135211856 0.6058232283197487
1 0.5494957796555389 0.6810502675935179 0.5494957796555389 0.694177116755069 0.5565654719722591 0.7032649460722407 0.5717148443529969 0.7052844698613575 0.5813094228200747 0.7042747079667991 0.5878741490024415 0.6987210314136549 0.5924189551688037 0.6881185731215728 0.5888840812711483 0.6754965910403736 0.584339275104786 0.6669136288035542 0.5690561745383523 0.666788193095814 0.5570704381066124 0.6689331525926709 0.5494957796555389 0.6810502675935179
1 0.6294171050152669 0.6733766333206435 0.6357294128554793 0.6533917913802729 0.6315212461554702 0.6428734960908187 0.6167927204956367 0.6376143484460916 0.5936478614357846 0.6386661548634919 0.5831275024759605 0.6470808373181455 0.5984124848336884 0.6666041901617339 0.6167927204956368 0.675480303934307 0.6294171050152669 0.6733766333206435
1 0.5852315280357663 0.5997483929578765 0.5820753741156599 0.6165777000883207 0.592595848655882 0.6291996659914381 0.6010120664755028 0.6323551430225018 0.6136365665755303 0.6323551430225018 0.6252089383152577 0.6228886541504481 0.6273130794554609 0.6113185524435936 0.6164049090761126 0.6022102507677946 0.5999600536955997 0.5976447223442131 0.5852315280357663 0.5997483929578765
1 0.6346772844951787 0.655495461993936 0.6199487588353454 0.6639101444485898 0.6115325410157249 0.6775839745479704 0.6167927204956369 0.6881022698374244 0.6294171050152669 0.6912577468684881 0.6388854511951881 0.6870504634200241 0.6536139768550214 0.685998599223761 0.6525619640751186 0.6723247691243804 0.6451977590354006 0.6607546096386632 0.6346772844951787 0.655495461993936
1 0.5200051175562197 0.5976447223442131 0.5378897971361595 0.5997483929578765 0.553670335575896 0.5955410517305497 0.5620866689759144 0.5860745628584959 0.5557744767160995 0.5745044033727786 0.5484101560959839 0.5724007327591154 0.5263173098160345 0.5724007327591154 0.5200051175562196 0.5808153863243375 0.5200051175562197 0.5976447223442131
1 0.6315212461554702 0.6407698254771554 0.6315212461554702 0.655495461993936 0.6441456306751002 0.6597028032212628 0.6557181179952248 0.6649619508659901 0.663082323034943 0.6586509968038626 0.6523897575609612 0.6467178265253702 0.6462497718153036 0.6376143484460918 0.6315212461554702 0.6407698254771554
1 0.6704466436550585 0.6849467928063606 0.6883313232349985 0.679687587382771 0.6946435154948134 0.6765321103517072 0.6956955282747163 0.6691692920933169 0.6872793104550955 0.6649619508659901 0.6778109642751742 0.6649619508659901 0.6725506692148642 0.6649619508659901 0.66203031025504 0.6691692920933169 0.6578221435550309 0.6828431221926973 0.6704466436550585 0.6849467928063606
1 0.5757631818558451 0.7564713625554643 0.5715550151558358 0.7638341808138549 0.5694509895960299 0.7764561467169724 0.5831275024759605 0.7806634879442991 0.5989080409156969 0.7743525338821716 0.610480412655424 0.7669896578449185 0.6188967460554423 0.7617305102001914 0.6116700605912643 0.7508844931920369 0.5883876819558727 0.7470048736834106 0.5757631818558451 0.7564713625554643
1 0.5925958486558819 0.6870504634200242 0.5873355535955721 0.7007242357405419 0.6052202331755118 0.6996724293231416 0.6167927204956368 0.6975687587094782 0.6231049127554518 0.6954650880958148 0.6125845537956275 0.6828431221926973 0.6115325410157246 0.6744284397380439 0.5978560281357942 0.6723247691243804 0.5925958486558819 0.6870504634200242
1 0.5547224639361965 0.576608073986442 0.5662948356759235 0.5776599092932737 0.5631386817558172 0.5913337105032229 0.5673468484558264 0.5944892164237181 0.5768151946357477 0.594489216423718 0.5726070279357386 0.5839708922448326 0.5694509895960299 0.5713488974522837 0.5768151946357477 0.552415919708176 0.5473581433160807 0.5608305732733982 0.5463061305361779 0.5713488974522836 0.5547224639361965 0.576608073986442
1 0.5210571303361227 0.5545195903218394 0.5073806174561918 0.5597787379665664 0.5031725663365804 0.5681934204212199 0.5115887841562012 0.5755562386796104 0.5157969508562104 0.578711715710674 0.5200051175562196 0.5913337105032229 0.5231612714763261 0.576608073986442 0.5302306666518702 0.5671723719799158 0.5305254765160438 0.5576750962423345 0.5210571303361227 0.5545195903218394
1 0.5536247155648465 0.6582427088663246 0.542402971944199 0.6619825677350596 0.5405326585100619 0.6675923389184989 0.5411561419828326 0.6825517401541125 0.5405326585100619 0.6912780432751676 0.5405326585100619 0.6975111071503997 0.5436498703976529 0.6975111071503997 0.5473904287738395 0.6975111071503997 0.5467670137931564 0.686291564783521 0.5511309871500262 0.6756953493477613 0.5542481305455296 0.6688389585414105 0.5592355873751702 0.666969046226706 0.564846459185494 0.666969046226706 0.5710807459765009 0.666969046226706 0.5766916177868249 0.6601126554203551 0.564846459185494 0.656996089243413 0.5536247155648465 0.6582427088663246
1 0.6222020757421857 0.6301938700687912 0.6122271620829045 0.6308171627605839 0.6022522484236232 0.6314404725720398 0.5922774032564297 0.6339337118178631 0.5891602598609261 0.6376735706865978 0.5935242332177961 0.6414133953160067 0.6041225618577607 0.6395434830013025 0.6159677204590912 0.6389201903095096 0.6352940643048828 0.6401667756930951 0.6396581061538401 0.6333104020064073 0.6371643777390199 0.6258307013886004 0.6284363625331927 0.6195976203937055 0.6240723206842352 0.6283239406344239 0.6222020757421857 0.6301938700687912
1 0.6433986645300268 0.5834457711669094 0.629683192494559 0.5853156834816138 0.6178380338932283 0.5903021619732604 0.609110018687401 0.594665313533788 0.6116037471022213 0.5984051552828598 0.6190848638545947 0.6002750847172271 0.6253192191376892 0.6052615460892107 0.6259426341183725 0.6083780780268268 0.6321769209093793 0.608378078026827 0.6352940643048828 0.6021449970319318 0.6368819214278199 0.5976060745290634 0.6415283510958897 0.5878089227274372 0.6433986645300268 0.5834457711669094
1 0.5286874999087312 0.6065081657121223 0.5224532131177242 0.6090013878382826 0.5255703565132277 0.6146111590217219 0.5324281267770054 0.6239607890738961 0.5355452701725087 0.6333104020064073 0.536168685153192 0.6420367222471255 0.5374155151145584 0.6482697861223576 0.5399092435293786 0.6501397326763881 0.5448967003590193 0.6482697861223576 0.5448967003590193 0.6407901026242141 0.5405326585100619 0.6301938700687912 0.5405326585100619 0.6220908596395287 0.5417795569635158 0.6171043982675453 0.5461435303203857 0.6133645565184733 0.5448504960630612 0.6065847501744058 0.5374155151145584 0.6058848559006667 0.5286874999087312 0.6065081657121223
1 0.5760682028061417 0.6576194161745319 0.5754447878254585 0.6632291873579711 0.5835493880506026 0.6682156316102916 0.5897836748416094 0.6725788174101452 0.5929008182371129 0.6788118812853774 0.5991351050281198 0.6775652616624657 0.6047459768384437 0.6763186420395542 0.6084866037067178 0.6732021101019381 0.6022522484236232 0.666969046226706 0.5960179616326163 0.666969046226706 0.5935242332177961 0.6626058604268523 0.588621539834105 0.6570898006794563 0.5810556596357822 0.653879557305797 0.5760682028061417 0.6576194161745319
1 0.5380389985873292 0.5529036760038897 0.5299343983621851 0.5547736054382573 0.5293109148894144 0.5591367569987848 0.5299343983621851 0.5672397674280474 0.5318046433042347 0.5709796091771192 0.5380389985873292 0.5722262288000308 0.5448967003590193 0.5716029189885751 0.5473904287738396 0.5703562993656635 0.5480138437545228 0.5634999085593125 0.5470951649743968 0.5594467030363586 0.543649870397653 0.5547736054382572 0.5380389985873292 0.5529036760038897