1 0.5531167137485525 0.8133544501275978 0.5486051403320011 0.8128004985666653 0.5463893340882712 0.8308467922328712 0.5509009075048226 0.8314007437938036 0.5497930043829575 0.8404238906269066 0.5672853464882309 0.8471512702871881 0.5667313949272985 0.8516628437037397 0.5892892620100558 0.8544326015084021 0.5898432135709883 0.8499210280918504 0.5988663604040912 0.8510289312137154 0.5999742635259562 0.8420057843806127 0.6044858369425077 0.8425597359415452 0.6050397885034402 0.8380481625249935 0.6095513619199916 0.838602114085926 0.6123211197246541 0.8160442470031686 0.6078095463081026 0.8154902954422362 0.6089174494299676 0.8064671486091333 0.6004482541577971 0.8008476720707168 0.6010022057187296 0.7963360986541654 0.5744867167803533 0.7885008158720191 0.5739327652194208 0.7930123892885705 0.5649096183863179 0.7919044861667055 0.5592901418479015 0.8003736814388759 0.55477856843135 0.7998197298779435 0.5531167137485525 0.8133544501275978
1 0.07765968939875985 0.7320777175859967 0.07314811598220838 0.7315237660250642 0.0720402128603434 0.7405469128581672 0.06752863944379194 0.7399929612972347 0.06420493007819701 0.7670624017965435 0.07267412535036746 0.7726818783349598 0.07212017378943494 0.7771934517515114 0.07663174720598645 0.7777474033124439 0.07607779564505397 0.7822589767289954 0.08510094247815689 0.7833668798508604 0.08454699091722442 0.7878784532674118 0.10710485799998168 0.7906482110720742 0.10765880956091416 0.7861366376555228 0.11668195639401709 0.7872445407773878 0.12230143293243353 0.7787753455052172 0.12681300634898504 0.7793292970661497 0.12792090947085 0.7703061502330468 0.13243248288740142 0.7708601017939793 0.13575619225299634 0.7437906612946705 0.12728699698082593 0.7381711847562541 0.1278409485417584 0.7336596113397027 0.12332937512520695 0.7331056597787702 0.12388332668613944 0.7285940863622187 0.09736783774776317 0.7207588035800724 0.09681388618683066 0.7252703769966239 0.08779073935372775 0.7241624738747587 0.08723678779279524 0.7286740472913102 0.07821364095969233 0.7275661441694453 0.07765968939875985 0.7320777175859967
1 0.787004657990113 0.7733784269259504 0.7915162314066645 0.7739323784868828 0.7904083282847996 0.7829555253199858 0.7988775235569701 0.7885750018584021 0.7983235719960377 0.7930865752749536 0.8028351454125889 0.7936405268358862 0.8022811938516565 0.7981521002524377 0.8248390609344138 0.8009218580571 0.8253930124953464 0.7964102846405486 0.8344161593284491 0.7975181877624136 0.8349701108893817 0.7930066143458621 0.8394816843059332 0.7935605659067946 0.8405895874277981 0.7845374190736916 0.8451011608443496 0.7850913706346241 0.847870918649012 0.7625335035518667 0.8433593452324605 0.7619795519909343 0.8444672483543256 0.7529564051578314 0.8399556749377741 0.752402453596899 0.8405096264987065 0.7478908801803474 0.8314864796656037 0.7467829770584824 0.8320404312265361 0.742271403641931 0.8094825641437788 0.7395016458372685 0.8089286125828463 0.74401321925382 0.7999054657497434 0.7429053161319551 0.794285989211327 0.7513745114041255 0.7897744157947755 0.750820559843193 0.787004657990113 0.7733784269259504
1 0.7344476707452013 0.7165497490517618 0.7615171112445103 0.719873458417357 0.7671365877829266 0.7114042631451863 0.7716481611994781 0.7119582147061189 0.774971870565073 0.68488877420681 0.7704602971485215 0.6843348226458776 0.771014248709454 0.6798232492293261 0.7394332347935937 0.6759455883027987 0.7338137582551775 0.6844147835749691 0.729302184838626 0.6838608320140367 0.7265324270339635 0.7064186990967939 0.7350016223061339 0.7120381756352103 0.7344476707452013 0.7165497490517618
1 0.8679730967007646 0.6734099383427025 0.8724846701173163 0.673963889903635 0.8719307185563838 0.6784754633201865 0.8990001590556925 0.6817991726857814 0.899554110616625 0.6772875992692299 0.9040656840331766 0.6778415508301624 0.9051735871550415 0.6688184039970595 0.909685160571593 0.6693723555579919 0.9124549183762554 0.6468144884752347 0.8989201981266008 0.6451526337924373 0.8994741496875334 0.6406410603758858 0.8904510028544304 0.6395331572540207 0.8898970512934978 0.6440447306705722 0.880873904460395 0.6429368275487073 0.8752544279219787 0.6514060228208777 0.870742854505427 0.6508520712599453 0.8679730967007646 0.6734099383427025
1 0.9350927463881042 0.6862307851732413 0.9435619416602747 0.6918502617116578 0.9430079900993423 0.6963618351282092 0.9655658571820995 0.6991315929328716 0.971185333720516 0.6906623976607011 0.9756969071370675 0.6912163492216337 0.9779127133807973 0.6731700555554279 0.9734011399642458 0.6726161039944953 0.9745090430861107 0.6635929571613924 0.9660398478139403 0.657973480622976 0.9665937993748728 0.6534619072064245 0.9485475057086671 0.6512461009626945 0.9429280291702506 0.659715296234865 0.9384164557536991 0.6591613446739325 0.9373085526318341 0.6681844915070354 0.9327969792152826 0.667630539946103 0.9350927463881042 0.6862307851732413
1 0.6617384724494826 0.7396496303855778 0.6716620418576721 0.7357813863059087 0.6805052021965008 0.7288737845869441 0.682803387889677 0.7160758558379492 0.6780709745756863 0.70107944533475 0.6417136775996484 0.7073973186533765 0.6413877813722741 0.7218907641414628 0.6436493886275358 0.7330685599595155 0.6495661831890059 0.7381550611935471 0.6617384724494826 0.7396496303855778
1 0.6267670514611922 0.7462557851796603 0.6350699286009662 0.7378284949822771 0.6371044139818836 0.7271782329294855 0.6373424919885041 0.7134006597825896 0.6190024475854004 0.7147821406325985 0.5961169856644801 0.7184943014863783 0.5898727281836146 0.7330056715551864 0.589898429153627 0.7446355876646497 0.5975988223507938 0.747034427105203 0.6119192783401399 0.7487927580057843 0.6267670514611922 0.7462557851796603
1 0.5169028099775093 0.7531130132156573 0.5221914196263592 0.7573957279781619 0.5337356861314019 0.7580864906917354 0.5452670604050323 0.7529623101834277 0.5570622088268579 0.7456905119621593 0.5602650049907016 0.7373637055417717 0.5622296065777436 0.7280722248722291 0.5544104946655968 0.7199313565256844 0.5333950450662914 0.7253443890526181 0.5109346969688262 0.7247666500969979 0.5070158190072347 0.733005532728279 0.5169028099775093 0.7531130132156573
1 0.47582777068928095 0.791669974175046 0.4795965510221916 0.7964927723425401 0.4967810195450332 0.798602759764467 0.5117167682155872 0.7953499339146941 0.5187633590229329 0.7853150411085559 0.5177029179345878 0.7710178447534947 0.5157472340972469 0.7566044814875929 0.5027581525868564 0.7499229176257648 0.49956816516161284 0.7640646969337345 0.4868061268611926 0.7792111812839799 0.47582777068928095 0.791669974175046
1 0.6751010585933745 0.6722564421577746 0.6780402379377711 0.6660772727678886 0.6789192261028001 0.6589184886458032 0.6781024338528864 0.6537314939760057 0.6331067378326785 0.659106782644595 0.6349288510054256 0.6738639705236903 0.6474784384333019 0.6841249264465616 0.6601910108928329 0.6871391841170107 0.6687703922550282 0.6823792394354784 0.6751010585933745 0.6722564421577746
1 0.6207072480334835 0.6357841459229491 0.6281568331498032 0.6461455952815864 0.6445374016541432 0.6488835312555967 0.6571492636615084 0.6467987180453554 0.6635805593734273 0.6417750016518072 0.6710795340804807 0.6339756796687432 0.6685485161555556 0.6187860666946992 0.6600993204738071 0.6050139079789587 0.6457788644844609 0.6032555770783775 0.6269994022489976 0.6082164793104357 0.6193374400960701 0.6232625192081572 0.6207072480334835 0.6357841459229491
1 0.60907322962277 0.594388661648709 0.6122138298714984 0.5984076340202044 0.6263455974449579 0.5957827667259802 0.6370859591030613 0.5971015173161088 0.6385802423635172 0.5849315567814333 0.6378513494129499 0.5790286797669799 0.6314712036144048 0.5690918711570426 0.6194728715513886 0.5629653009409497 0.6018360191288392 0.5586197426959486 0.6006933306515513 0.5679261935142371 0.6046507231501936 0.5771321605555302 0.60907322962277 0.594388661648709
1 0.5726697261175768 0.6008189588611124 0.5934342889716612 0.6033685265934918 0.6067621541124002 0.601371627513587 0.6089725215848228 0.5892895711057825 0.6051909276848739 0.5786518393751781 0.5987594405969391 0.5637669173798054 0.5747407923506275 0.566192952579037 0.5631215187776506 0.5720330154320006 0.5598436320530604 0.5868906770846263 0.5642532511226623 0.5983321956314522 0.5726697261175768 0.6008189588611124
1 0.5774913619435118 0.5556305946531164 0.5920754371665239 0.5552412688609598 0.606747487939038 0.5541360900451541 0.6011335187152211 0.544431602737442 0.5903284121403045 0.5339532454118625 0.5743122519861704 0.5341667332845755 0.564489390615928 0.543134067907171 0.5625428021201385 0.553068467277543 0.5774913619435118 0.5556305946531164
1 0.5266666919968065 0.555203490084248 0.5346308617563871 0.5554546921496045 0.5378465477374241 0.5529428486133336 0.5375571512835906 0.5434605598756018 0.5303841514682853 0.5367664460293502 0.5245159065711225 0.534369915713511 0.5126593997463893 0.5331367701290046 0.5082882141352452 0.5391401112582177 0.5074092235559972 0.546298915042539 0.5136904216392353 0.5543368794477658 0.5266666919968065 0.555203490084248
1 0.5533919052222439 0.5541677998369778 0.5610332157120481 0.5540887037311149 0.563899435929139 0.5473192300819958 0.5684539596951135 0.5392310504686502 0.5746441168672316 0.5343957225042353 0.5775809428410092 0.5311956257574437 0.5600384255528564 0.5290416754750862 0.5459518720457897 0.5318901028526575 0.5367633593903512 0.540426645205123 0.538100368120817 0.5502555590792307 0.544748188655763 0.5541238299239347 0.5533919052222439 0.5541677998369778
1 0.49814425117886535 0.5524709520739883 0.5112373681061821 0.5535699121716886 0.5157482979765609 0.5541237847150868 0.5072711792596991 0.5444355206016425 0.5051860523079224 0.5395330692066466 0.49517155397719403 0.5393891797898103 0.48265019162481704 0.5419211159609685 0.47859687005220425 0.5500708354655496 0.48781228443860947 0.5537457086498765 0.49814425117886535 0.5524709520739883
1 0.5277903994227873 0.6466544836009386 0.543961281891852 0.6516920394236746 0.5547944491355162 0.6504788365025871 0.5623036794241532 0.6473314878967952 0.5733124690794253 0.6405444510306231 0.5709640330902008 0.6265219833551624 0.5681938583411513 0.6200778064262572 0.5636480654588968 0.6154051535567194 0.5553289238380583 0.6088334412480363 0.5357290360738897 0.6110049162997384 0.5256086163482441 0.6229877284862162 0.5232525127563797 0.6338891887596086 0.5277903994227873 0.6466544836009386
1 0.546162409224846 0.7124941515463215 0.5558085301780501 0.7126612012418354 0.5630011468019536 0.707948959821031 0.5688041913028686 0.6979794031886855 0.5668338984879207 0.6850207106869783 0.5633689685898144 0.6759478520057423 0.5482150727047952 0.6739608098455202 0.536057271329372 0.6746290873103887 0.5270623683846437 0.6857327645215241 0.525462607896347 0.6987617681399978 0.5313720760067342 0.7086434369162449 0.546162409224846 0.7124941515463215
1 0.5991511949794124 0.6508220441221002 0.5760506712317975 0.6490453617571338 0.5645832376066273 0.6561152132059637 0.5773749898315805 0.6773558127018986 0.5945364958466551 0.6884057525201501 0.6073231530748822 0.6878562878005389 0.6160239494949888 0.6687896866533218 0.613129007572097 0.6578369466292775 0.5991511949794124 0.6508220441221002
1 0.5841291034731511 0.6436788620742876 0.5966595024638289 0.6452174016122962 0.6092992902826473 0.6372317918583448 0.6127977881720114 0.6260043622342959 0.6030809483853068 0.6156345808961106 0.5873150684143603 0.6090989595014601 0.5724399539949143 0.6093919939218829 0.5672563489575742 0.6257112195430662 0.5761601747788171 0.6395212265508808 0.5841291034731511 0.6436788620742876
1 0.5929982651495602 0.7009336362034373 0.6051439935074534 0.7056041182395136 0.6150545029421257 0.702582096375956 0.6298014344040938 0.7033330283673955 0.6304236838639686 0.6896329128173175 0.624524418231516 0.6772515247130013 0.614723290583512 0.6707494546327863 0.5990790572947826 0.6773064595689469 0.589059151990498 0.6898526880726525 0.5929982651495602 0.7009336362034373
1 0.5511340339008226 0.5929994377017166 0.5462789395045402 0.5807462577041409 0.5392258843700195 0.5777607826136301 0.5172977148160525 0.5750683419435418 0.5100070843751776 0.5826510112309472 0.507956104244491 0.5993549039321533 0.5254511011784705 0.6036224882614847 0.5416267597905144 0.60136967177589 0.5511340339008226 0.5929994377017166
1 0.6344536141181194 0.6827096142956466 0.6425320393180006 0.6773431719609883 0.6333734622322089 0.6641958537905592 0.6283886779054487 0.65441195562508 0.6133853805285249 0.6557489564573652 0.611590776875002 0.6703648303125647 0.6236083152339453 0.6760793361086911 0.6344536141181194 0.6827096142956466
1 0.673620292930759 0.6917576153812715 0.665779554235375 0.6865559560978145 0.6563817836720862 0.6854020549657349 0.6511606980534778 0.6847609862606177 0.6402060103411633 0.6876548573656225 0.634362789981559 0.7007139182962903 0.6466368160158089 0.7043404480062113 0.6650291218180223 0.7013000380597549 0.6716788198678274 0.6989373442021307 0.673620292930759 0.6917576153812715
1 0.5483036076844988 0.7887021590109997 0.5647356322114987 0.7843614097016802 0.577119054115361 0.7784637327714534 0.5861135823128132 0.7742694790411051 0.5802625604375659 0.7626235951865101 0.5576265318041299 0.7559354855761853 0.5439424580302626 0.763792873137689 0.5388683565399419 0.7705879635526195 0.5352417833705064 0.7828594310224256 0.5483036076844988 0.7887021590109997
1 0.5918445903663707 0.7103295633029496 0.5983661054586982 0.7090108358571878 0.5894623943563343 0.6952008429350803 0.5894437149458756 0.6867206741406898 0.5761255176754556 0.682965936324028 0.569109936080731 0.6969408129080056 0.5622224368075497 0.7098715942980378 0.5801019896554348 0.7110072220435941 0.5918445903663707 0.7103295633029496
1 0.5553295164955765 0.6019924243346828 0.5647272870588651 0.6031463254667624 0.5618323486567092 0.5921935567686243 0.56023806916603 0.5792810200910214 0.5698547321044781 0.5613866367248879 0.5395917608734664 0.5661486572354645 0.5372657283758931 0.5764603713141924 0.5449783953119423 0.5827060397693128 0.5563363218693571 0.5851603522008298 0.5515372762666588 0.5983475925641445 0.5553295164955765 0.6019924243346828
1 0.5022944139183927 0.5764053714499207 0.5060866576680463 0.5800501745463651 0.5087252231137744 0.5930909334164157 0.5136524551946867 0.5788596979671449 0.5218190789787067 0.570355870800848 0.5232691181331348 0.5609653146010114 0.5142559070044881 0.556679428211063 0.5000404079073061 0.5602326273220012 0.49483823113691444 0.5680717555826889 0.5022944139183927 0.5764053714499207
1 0.5186019096314155 0.6862066991659278 0.5169196046781878 0.6947919742253361 0.5161599852763109 0.7009785777876323 0.5192539619391898 0.7013584703536277 0.5229666387604637 0.7018143297469022 0.5237151888820688 0.6906024409731153 0.5293379876610308 0.6806170426880288 0.5332674801880508 0.6741916425979462 0.5384456462568061 0.6729434864151693 0.5440146954794958 0.673627279678624 0.550202512842138 0.6743870481164433 0.5566071459105268 0.6682655570709055 0.5452300931988575 0.6637286596043721 0.533940070038558 0.6635984005867442 0.522346197448418 0.6659427965876795 0.5198061659162234 0.6712828195172106 0.5186019096314155 0.6862066991659278
1 0.5752671679665665 0.644181176785851 0.5717174851404846 0.6475132750947855 0.5755931601296747 0.651757058206158 0.5863403754211198 0.6511926952868361 0.5981732022775494 0.652017610225525 0.6172035699447909 0.6556101925856038 0.6223706646469122 0.649336768183392 0.620807070308703 0.6416089110752137 0.6129037338929312 0.6343586130384977 0.6075087500320673 0.6424880456966875 0.605424558539829 0.6441161114375152 0.5954480361032571 0.6435191220219207 0.5854715115803228 0.6429221495983819 0.5752671679665665 0.644181176785851
1 0.5967599295500874 0.6072568589782374 0.5987792980330574 0.611272733558571 0.6059767646032247 0.6140404436090423 0.6115569531741061 0.6197495134390177 0.6117959116131205 0.6229187903945306 0.6179837289757625 0.6236785588323501 0.6218372591453226 0.6178718224969081 0.6239664361272416 0.6135602435390815 0.6297722044704611 0.6044023755541572 0.6321603112877356 0.6002996801339078 0.6183191873149696 0.6004841588343202 0.6059546218699569 0.6039899071701721 0.5967599295500874 0.6072568589782374
1 0.5170793924650339 0.6269887986678897 0.5190338699571775 0.6366486052222993 0.5185891671790509 0.6453858559695789 0.5190670840570792 0.6517244098806045 0.5213143354397053 0.6538843271811274 0.5264925056811848 0.6526361370142394 0.5274040497979818 0.6452122059426618 0.5243638927592952 0.6341631131831554 0.5253514013199144 0.6261205013648814 0.5271967023546964 0.6213231670156263 0.5319839193743213 0.6181430360474767 0.5315267737458391 0.6112561841158587 0.5242325076734697 0.6096554105014793 0.5154935874119989 0.6092103967737555 0.5090019227058782 0.6109252663624434 0.5114121722564204 0.6168731073810643 0.5170793924650339 0.6269887986678897
1 0.568082373780844 0.6822343185766983 0.5704166630602883 0.6888008063579042 0.5767564051378506 0.688323247286442 0.5824773790754607 0.6877697130406152 0.5865699335792308 0.6851322789998273 0.5811416676369073 0.6781858986526261 0.5749538502742652 0.6774261302148068 0.5730104483214794 0.6727915578957209 0.5688165374504182 0.6667191259976322 0.5616982824279122 0.662610762439223 0.5562922272004146 0.6657149268779777 0.5549897999296831 0.6712069085033239 0.5624262950067846 0.6771438868643381 0.568082373780844 0.6822343185766983
1 0.5215168055889141 0.5703866578715936 0.5229173379503735 0.5743265489304767 0.5289532985796535 0.5763236532246634 0.5358358464397085 0.5765407330822068 0.5384629116959972 0.5756073146174703 0.539917263681649 0.5688780054828425 0.5394993940896089 0.564743053159489 0.5366492875521398 0.5596849123343441 0.5313081254018306 0.5571451278069672 0.5230360485653921 0.5580134167628901 0.5218854780280229 0.5622680625318691 0.5215168055889141 0.5703866578715936