1 0.9315589353612166 0.9104938271604939 0.9448669201520913 0.9382716049382716 0.9657794676806084 0.9413580246913579 0.9809885931558935 0.9228395061728394 0.9809885931558935 0.8981481481481481 0.973384030418251 0.8703703703703702 0.9543726235741445 0.8641975308641975 0.9372623574144485 0.8796296296296295 0.9315589353612166 0.9104938271604939
1 0.7490494296577946 0.8117283950617283 0.7775665399239544 0.8333333333333333 0.7984790874524714 0.8117283950617283 0.8003802281368821 0.787037037037037 0.7889733840304183 0.7561728395061728 0.7699619771863118 0.7530864197530864 0.7509505703422052 0.7746913580246912 0.7490494296577946 0.8117283950617283
1 0.6596958174904943 0.7222222222222221 0.6768060836501901 0.7530864197530864 0.6996197718631179 0.75 0.7110266159695817 0.7253086419753086 0.7091254752851711 0.691358024691358 0.6787072243346007 0.6728395061728395 0.6634980988593155 0.691358024691358 0.6596958174904943 0.7222222222222221
1 0.7072243346007604 0.9413580246913579 0.7186311787072243 0.9691358024691358 0.7338403041825095 0.9722222222222221 0.7566539923954372 0.9537037037037036 0.7585551330798479 0.919753086419753 0.7509505703422052 0.9012345679012345 0.7300380228136882 0.8919753086419753 0.7110266159695817 0.9104938271604939 0.7072243346007604 0.9413580246913579
1 0.5285171102661597 0.632716049382716 0.5418250950570342 0.6574074074074073 0.5627376425855514 0.6574074074074073 0.5779467680608364 0.6358024691358024 0.5779467680608364 0.5987654320987654 0.5684410646387833 0.5833333333333333 0.5475285171102662 0.5802469135802469 0.532319391634981 0.5925925925925926 0.5285171102661597 0.632716049382716
1 0.8840304182509506 0.8209876543209876 0.897338403041825 0.8518518518518517 0.9163498098859316 0.8549382716049383 0.9334600760456274 0.8333333333333333 0.935361216730038 0.7993827160493827 0.9258555133079847 0.7777777777777778 0.9049429657794678 0.7746913580246912 0.8897338403041826 0.787037037037037 0.8840304182509506 0.8209876543209876
1 0.015209125475285171 0.08333333333333333 0.024714828897338403 0.10802469135802469 0.03992395437262357 0.11419753086419752 0.06273764258555134 0.09876543209876543 0.06653992395437262 0.05864197530864197 0.053231939163498096 0.037037037037037035 0.03612167300380228 0.033950617283950615 0.017110266159695818 0.04938271604938271 0.015209125475285171 0.08333333333333333
1 0.43726235741444863 0.8672839506172838 0.4505703422053232 0.8858024691358024 0.4695817490494297 0.8858024691358024 0.4866920152091255 0.8580246913580247 0.4847908745247148 0.8302469135802468 0.4714828897338402 0.8055555555555556 0.4524714828897339 0.8055555555555556 0.43726235741444863 0.8302469135802468 0.43726235741444863 0.8672839506172838
1 0.38973384030418246 0.595679012345679 0.40494296577946765 0.6203703703703703 0.4239543726235741 0.6203703703703703 0.4410646387832699 0.5925925925925926 0.4410646387832699 0.5648148148148148 0.4277566539923955 0.5432098765432098 0.4068441064638783 0.5401234567901234 0.38973384030418246 0.5648148148148148 0.38973384030418246 0.595679012345679
1 0.48098859315589354 0.7901234567901234 0.48859315589353614 0.8148148148148147 0.5114068441064639 0.8209876543209876 0.532319391634981 0.7962962962962963 0.532319391634981 0.7654320987654321 0.5228136882129277 0.7438271604938271 0.5 0.7376543209876543 0.4847908745247148 0.7561728395061728 0.48098859315589354 0.7901234567901234
1 0.34980988593155893 0.4351851851851851 0.3650190114068441 0.4598765432098765 0.3802281368821293 0.4598765432098765 0.3935361216730038 0.44753086419753085 0.4011406844106464 0.4104938271604938 0.38973384030418246 0.38271604938271603 0.3650190114068441 0.3765432098765432 0.34980988593155893 0.39814814814814814 0.34980988593155893 0.4351851851851851
1 0.21102661596958172 0.4351851851851851 0.22433460076045625 0.4598765432098765 0.24524714828897337 0.46296296296296297 0.2623574144486692 0.441358024691358 0.26425855513307983 0.4135802469135802 0.2547528517110266 0.3888888888888889 0.2376425855513308 0.37962962962962965 0.21482889733840302 0.3950617283950617 0.21102661596958172 0.4351851851851851
1 0.05133079847908745 0.3179012345679012 0.06273764258555134 0.3395061728395062 0.0817490494296578 0.3395061728395062 0.1026615969581749 0.3055555555555555 0.10076045627376426 0.2777777777777778 0.08365019011406843 0.25925925925925924 0.06273764258555134 0.25925925925925924 0.049429657794676805 0.2808641975308642 0.05133079847908745 0.3179012345679012
1 0.16920152091254753 0.6296296296296295 0.1844106463878327 0.6481481481481481 0.20342205323193915 0.6450617283950617 0.21863117870722432 0.6172839506172839 0.2167300380228137 0.5833333333333333 0.20342205323193915 0.5648148148148148 0.18250950570342206 0.5648148148148148 0.16730038022813687 0.5925925925925926 0.16920152091254753 0.6296296296296295
1 0.0817490494296578 0.6203703703703703 0.09885931558935361 0.6481481481481481 0.11596958174904944 0.6481481481481481 0.12927756653992395 0.632716049382716 0.13498098859315588 0.5987654320987654 0.12167300380228137 0.5679012345679012 0.10076045627376426 0.5648148148148148 0.08365019011406843 0.5833333333333333 0.0817490494296578 0.6203703703703703
1 0.11787072243346006 0.9074074074074074 0.13307984790874525 0.9351851851851851 0.15399239543726234 0.9351851851851851 0.17110266159695817 0.9104938271604939 0.17110266159695817 0.8796296296296295 0.155893536121673 0.8549382716049383 0.13688212927756654 0.8518518518518517 0.12167300380228137 0.8672839506172838 0.11787072243346006 0.9074074074074074
1 0.2604562737642585 0.34259259259259256 0.27566539923954375 0.3672839506172839 0.2984790874524715 0.3641975308641975 0.3079847908745247 0.34259259259259256 0.3079847908745247 0.3055555555555555 0.29277566539923955 0.28703703703703703 0.27566539923954375 0.28703703703703703 0.2604562737642585 0.31481481481481477 0.2604562737642585 0.34259259259259256
1 0.3079847908745247 0.3518518518518518 0.32129277566539927 0.37037037037037035 0.34220532319391633 0.37037037037037035 0.3574144486692015 0.34259259259259256 0.3574144486692015 0.3179012345679012 0.3403041825095057 0.29012345679012347 0.32129277566539927 0.29012345679012347 0.3079847908745247 0.30864197530864196 0.3079847908745247 0.3518518518518518
1 0.5741444866920152 0.5833333333333333 0.5893536121673003 0.6018518518518519 0.6102661596958174 0.5987654320987654 0.6197718631178707 0.5802469135802469 0.6216730038022813 0.5493827160493827 0.6121673003802282 0.5277777777777778 0.5893536121673003 0.5216049382716049 0.5741444866920152 0.5432098765432098 0.5741444866920152 0.5833333333333333
1 0.6140684410646388 0.5987654320987654 0.6254752851711026 0.6265432098765432 0.650190114068441 0.632716049382716 0.6634980988593155 0.6141975308641975 0.6673003802281369 0.5864197530864197 0.655893536121673 0.5586419753086419 0.6368821292775666 0.5524691358024691 0.6216730038022813 0.5648148148148148 0.6140684410646388 0.5987654320987654
1 0.7965779467680608 0.7160493827160493 0.8041825095057034 0.7407407407407407 0.8250950570342205 0.75 0.8403041825095057 0.7345679012345678 0.8441064638783269 0.6975308641975309 0.8307984790874524 0.6728395061728395 0.8174904942965779 0.6697530864197531 0.7984790874524714 0.691358024691358 0.7965779467680608 0.7160493827160493
1 0.8460076045627376 0.7376543209876543 0.855513307984791 0.7561728395061728 0.8783269961977187 0.7592592592592593 0.8916349809885931 0.7376543209876543 0.8916349809885931 0.7067901234567902 0.8783269961977187 0.6851851851851851 0.8593155893536121 0.6851851851851851 0.8460076045627376 0.7067901234567902 0.8460076045627376 0.7376543209876543