1 0.71953125 0.5640625 0.0125 0.0125
1 0.55390625 0.57109375 0.00625 0.0046875
1 0.78515625 0.57890625 0.00625 0.00625
1 0.4484375 0.56953125 0.0046875 0.0046875
1 0.421875 0.56875 0.0046875 0.0046875
1 0.4 0.56953125 0.0046875 0.0046875
1 0.43125 0.5734375 0.0046875 0.0046875
1 0.39375 0.5734375 0.0046875 0.0046875
1 0.42421875 0.575 0.00625 0.0046875
1 0.44765625 0.5765625 0.00625 0.00625
1 0.41328125 0.5765625 0.00625 0.00625
1 0.45234375 0.58203125 0.0046875 0.0046875
1 0.3875 0.57890625 0.00625 0.00625
1 0.396875 0.57890625 0.00625 0.00625
1 0.3609375 0.5796875 0.00625 0.00625
1 0.2109375 0.57890625 0.00625 0.00625
1 0.234375 0.5796875 0.00625 0.00625
1 0.3078125 0.58359375 0.00625 0.00625
1 0.153125 0.58515625 0.00625 0.00625
1 0.121875 0.58671875 0.00625 0.00625
1 0.0015625 0.5890625 0.003125 0.00625
1 0.025 0.5953125 0.0078125 0.0078125
1 0.0609375 0.59609375 0.0078125 0.0078125