1 0.71171875 0.58671875 0.0140625 0.0140625
1 0.54609375 0.5765625 0.00625 0.00625
1 0.775 0.6078125 0.0078125 0.0078125
1 0.44140625 0.56328125 0.0046875 0.0046875
1 0.41484375 0.56015625 0.0046875 0.0046875
1 0.39296875 0.55859375 0.0046875 0.0046875
1 0.4234375 0.565625 0.0046875 0.0046875
1 0.38671875 0.5625 0.0046875 0.0046875
1 0.41640625 0.56640625 0.00625 0.00625
1 0.43984375 0.5703125 0.0078125 0.0078125
1 0.40546875 0.5671875 0.0078125 0.0078125
1 0.44453125 0.5765625 0.0046875 0.0046875
1 0.38046875 0.56640625 0.0078125 0.0078125
1 0.3890625 0.56796875 0.0078125 0.0078125
1 0.35390625 0.56484375 0.0078125 0.0078125
1 0.2046875 0.5484375 0.0078125 0.0078125
1 0.22734375 0.5515625 0.0078125 0.0078125
1 0.3 0.56328125 0.0078125 0.0078125
1 0.14609375 0.5484375 0.0078125 0.0078125
1 0.11484375 0.546875 0.0078125 0.0078125
1 0.01796875 0.5453125 0.009375 0.009375
1 0.05390625 0.55 0.009375 0.009375