1 0.14296875 0.503125 0.0046875 0.003125
1 0.15 0.50234375 0.003125 0.003125
1 0.29453125 0.4875 0.003125 0.0046875
1 0.0328125 0.515625 0.0046875 0.0046875
1 0.29140625 0.4875 0.003125 0.003125
1 0.01875 0.5171875 0.0046875 0.0046875
1 0.18671875 0.50078125 0.0046875 0.0046875
1 0.3390625 0.48359375 0.0046875 0.003125
1 0.0921875 0.5125 0.0046875 0.0046875
1 0.646875 0.46328125 0.003125 0.0046875
1 0.73359375 0.45703125 0.0046875 0.0046875
1 0.6984375 0.49140625 0.00625 0.00625
1 0.93828125 0.503125 0.0078125 0.0078125