1 0.846875 0.41640625 0.0046875 0.003125
1 0.840625 0.4171875 0.003125 0.003125
1 0.69609375 0.43828125 0.003125 0.0046875
1 0.95703125 0.4015625 0.0046875 0.0046875
1 0.69921875 0.4375 0.003125 0.003125
1 0.97109375 0.4 0.0046875 0.0046875
1 0.80390625 0.425 0.0046875 0.0046875
1 0.65234375 0.4453125 0.0046875 0.003125
1 0.89921875 0.41328125 0.0046875 0.0046875
1 0.3484375 0.5 0.003125 0.0046875
1 0.26328125 0.51484375 0.0046875 0.0046875
1 0.30546875 0.53984375 0.0078125 0.0078125
1 0.07578125 0.609375 0.009375 0.009375